# ----- Rotor performance tables for the Generated with AeroElasticSE FAST driver wind turbine ----- 
# ------------ Written on Jul-16-20 using the ROSCO toolbox ------------ 

# Pitch angle vector - x axis (matrix columns) (deg)
-5.0   -4.082   -3.163   -2.245   -1.327   -0.4082   0.5102   1.429   2.347   3.265   4.184   5.102   6.02   6.939   7.857   8.776   9.694   10.61   11.53   12.45   13.37   14.29   15.2   16.12   17.04   17.96   18.88   19.8   20.71   21.63   22.55   23.47   24.39   25.31   26.22   27.14   28.06   28.98   29.9   30.82   31.73   32.65   33.57   34.49   35.41   36.33   37.24   38.16   39.08   40.0   
# TSR vector - y axis (matrix rows) (-)
1.0    1.245    1.49    1.735    1.98    2.224    2.469    2.714    2.959    3.204    3.449    3.694    3.939    4.184    4.429    4.673    4.918    5.163    5.408    5.653    5.898    6.143    6.388    6.633    6.878    7.122    7.367    7.612    7.857    8.102    8.347    8.592    8.837    9.082    9.327    9.571    9.816    10.06    10.31    10.55    10.8    11.04    11.29    11.53    11.78    12.02    12.27    12.51    12.76    13.0    
# Wind speed vector - z axis (m/s)
8.332    

# Power coefficient

0.001759   0.002277   0.002795   0.003314   0.003833   0.004352   0.004871   0.005390   0.005909   0.006428   0.006946   0.007464   0.007982   0.008499   0.009016   0.009532   0.010047   0.010562   0.011077   0.011591   0.012104   0.012617   0.013129   0.013641   0.014154   0.014667   0.015182   0.015699   0.016219   0.016743   0.017268   0.017795   0.018329   0.018869   0.019417   0.019973   0.020542   0.021128   0.021728   0.022337   0.022946   0.023542   0.024103   0.024606   0.025036   0.025373   0.025596   0.025689   0.025637   0.025432   
0.003887   0.004644   0.005403   0.006161   0.006920   0.007679   0.008437   0.009195   0.009953   0.010710   0.011467   0.012223   0.012978   0.013732   0.014485   0.015237   0.015988   0.016738   0.017489   0.018239   0.018991   0.019745   0.020504   0.021266   0.022028   0.022790   0.023554   0.024322   0.025094   0.025878   0.026679   0.027500   0.028338   0.029188   0.030038   0.030864   0.031637   0.032327   0.032904   0.033332   0.033585   0.033644   0.033501   0.033159   0.032624   0.031908   0.031020   0.029972   0.028782   0.027470   
0.007210   0.008275   0.009339   0.010403   0.011466   0.012529   0.013590   0.014651   0.015710   0.016768   0.017823   0.018878   0.019930   0.020982   0.022033   0.023085   0.024140   0.025201   0.026265   0.027326   0.028381   0.029431   0.030478   0.031528   0.032589   0.033673   0.034784   0.035920   0.037072   0.038216   0.039316   0.040330   0.041213   0.041915   0.042395   0.042628   0.042597   0.042293   0.041725   0.040913   0.039883   0.038659   0.037259   0.035696   0.033984   0.032142   0.030189   0.028140   0.026008   0.023800   
0.011972   0.013416   0.014859   0.016300   0.017738   0.019175   0.020608   0.022039   0.023467   0.024893   0.026318   0.027743   0.029173   0.030610   0.032049   0.033478   0.034890   0.036283   0.037664   0.039045   0.040446   0.041880   0.043353   0.044858   0.046374   0.047858   0.049257   0.050507   0.051542   0.052297   0.052729   0.052816   0.052549   0.051943   0.051020   0.049810   0.048345   0.046654   0.044766   0.042703   0.040480   0.038110   0.035612   0.033005   0.030303   0.027516   0.024652   0.021714   0.018706   0.015633   
0.018382   0.020285   0.022183   0.024077   0.025966   0.027851   0.029733   0.031613   0.033496   0.035385   0.037284   0.039174   0.041035   0.042855   0.044640   0.046408   0.048190   0.050011   0.051887   0.053813   0.055762   0.057681   0.059501   0.061140   0.062506   0.063516   0.064109   0.064253   0.063942   0.063196   0.062056   0.060564   0.058758   0.056674   0.054348   0.051812   0.049088   0.046195   0.043148   0.039967   0.036671   0.033275   0.029788   0.026215   0.022560   0.018825   0.015011   0.011118   0.007150   0.003122   
0.026622   0.029065   0.031501   0.033932   0.036360   0.038789   0.041226   0.043675   0.046114   0.048501   0.050813   0.053062   0.055283   0.057522   0.059819   0.062189   0.064622   0.067072   0.069463   0.071695   0.073660   0.075239   0.076339   0.076894   0.076874   0.076287   0.075177   0.073602   0.071618   0.069274   0.066616   0.063683   0.060509   0.057125   0.053551   0.049805   0.045910   0.041887   0.037753   0.033520   0.029190   0.024764   0.020246   0.015634   0.010926   0.006125   0.001245   -0.003675   -0.008566   -0.013337   
0.036851   0.039930   0.043006   0.046086   0.049181   0.052281   0.055330   0.058269   0.061088   0.063837   0.066586   0.069395   0.072295   0.075283   0.078311   0.081286   0.084080   0.086555   0.088568   0.089999   0.090766   0.090823   0.090183   0.088898   0.087039   0.084683   0.081896   0.078734   0.075243   0.071465   0.067434   0.063182   0.058730   0.054099   0.049319   0.044409   0.039386   0.034257   0.029020   0.023674   0.018219   0.012653   0.006971   0.001178   -0.004695   -0.010580   -0.016370   -0.021942   -0.027193   -0.032063   
0.049247   0.053087   0.056946   0.060801   0.064560   0.068141   0.071551   0.074886   0.078245   0.081693   0.085257   0.088917   0.092586   0.096117   0.099337   0.102072   0.104165   0.105496   0.105990   0.105633   0.104468   0.102572   0.100041   0.096965   0.093421   0.089469   0.085159   0.080535   0.075637   0.070496   0.065136   0.059588   0.053881   0.048037   0.042071   0.035988   0.029783   0.023454   0.017000   0.010411   0.003682   -0.003183   -0.010140   -0.017095   -0.023909   -0.030421   -0.036514   -0.042128   -0.047264   -0.051948   
0.064032   0.068766   0.073380   0.077739   0.081852   0.085856   0.089887   0.094025   0.098304   0.102695   0.107076   0.111253   0.115001   0.118116   0.120428   0.121808   0.122196   0.121591   0.120048   0.117670   0.114566   0.110849   0.106606   0.101901   0.096796   0.091338   0.085569   0.079526   0.073239   0.066743   0.060070   0.053247   0.046289   0.039199   0.031975   0.024612   0.017102   0.009436   0.001601   -0.006405   -0.014539   -0.022694   -0.030701   -0.038361   -0.045517   -0.052094   -0.058095   -0.063548   -0.068487   -0.072938   
0.081269   0.086606   0.091580   0.096349   0.101111   0.105980   0.111014   0.116194   0.121384   0.126342   0.130791   0.134485   0.137232   0.138898   0.139420   0.138795   0.137088   0.134400   0.130866   0.126617   0.121754   0.116362   0.110508   0.104246   0.097624   0.090683   0.083461   0.076000   0.068333   0.060492   0.052499   0.044361   0.036076   0.027636   0.019028   0.010240   0.001258   -0.007937   -0.017320   -0.026791   -0.036170   -0.045219   -0.053714   -0.061531   -0.068655   -0.075114   -0.080946   -0.086174   -0.090808   -0.094847   
0.100234   0.105926   0.111497   0.117141   0.122957   0.128969   0.135056   0.140949   0.146314   0.150841   0.154301   0.156549   0.157503   0.157156   0.155561   0.152807   0.149043   0.144417   0.139059   0.133079   0.126555   0.119552   0.112121   0.104312   0.096172   0.087749   0.079079   0.070197   0.061136   0.051916   0.042538   0.032988   0.023249   0.013310   0.003151   -0.007252   -0.017911   -0.028764   -0.039646   -0.050306   -0.060445   -0.069837   -0.078409   -0.086175   -0.093180   -0.099454   -0.105002   -0.109822   -0.113915   -0.117318   
0.120595   0.127082   0.133710   0.140565   0.147596   0.154551   0.161044   0.166690   0.171182   0.174345   0.176080   0.176361   0.175221   0.172731   0.169021   0.164250   0.158580   0.152159   0.145090   0.137449   0.129295   0.120682   0.111671   0.102319   0.092664   0.082743   0.072600   0.062274   0.051778   0.041095   0.030206   0.019096   0.007744   -0.003877   -0.015798   -0.028022   -0.040443   -0.052834   -0.064875   -0.076211   -0.086625   -0.096078   -0.104605   -0.112258   -0.119052   -0.124965   -0.129996   -0.134171   -0.137579   -0.140406   
0.142848   0.150552   0.158516   0.166577   0.174353   0.181379   0.187246   0.191688   0.194579   0.195880   0.195591   0.193764   0.190495   0.185914   0.180209   0.173564   0.166127   0.158002   0.149259   0.139955   0.130162   0.119951   0.109367   0.098447   0.087240   0.075804   0.064175   0.052345   0.040294   0.028004   0.015454   0.002613   -0.010553   -0.024083   -0.037967   -0.052061   -0.066088   -0.079654   -0.092346   -0.103946   -0.114439   -0.123869   -0.132293   -0.139705   -0.146056   -0.151361   -0.155679   -0.159150   -0.162063   -0.164740   
0.167375   0.176496   0.185589   0.194161   0.201701   0.207808   0.212251   0.214976   0.215969   0.215246   0.212880   0.208948   0.203607   0.197063   0.189513   0.181121   0.171982   0.162159   0.151730   0.140778   0.129366   0.117531   0.105326   0.092817   0.080061   0.067081   0.053866   0.040395   0.026649   0.012596   -0.001802   -0.016589   -0.031804   -0.047434   -0.063315   -0.079125   -0.094397   -0.108646   -0.121636   -0.133358   -0.143861   -0.153205   -0.161365   -0.168267   -0.173940   -0.178485   -0.182102   -0.185129   -0.188077   -0.191079   
0.194180   0.204308   0.213681   0.221773   0.228191   0.232752   0.235456   0.236302   0.235319   0.232566   0.228125   0.222160   0.214885   0.206526   0.197252   0.187148   0.176297   0.164790   0.152705   0.140092   0.127008   0.113522   0.099702   0.085595   0.071224   0.056582   0.041650   0.026399   0.010788   -0.005227   -0.021695   -0.038659   -0.056112   -0.073889   -0.091636   -0.108821   -0.124869   -0.139487   -0.152659   -0.164437   -0.174881   -0.183958   -0.191563   -0.197734   -0.202611   -0.206459   -0.209689   -0.212881   -0.216220   -0.219571   
0.222407   0.232616   0.241333   0.248181   0.253018   0.255871   0.256765   0.255708   0.252757   0.247993   0.241561   0.233698   0.224646   0.214574   0.203588   0.191787   0.179261   0.166074   0.152289   0.137983   0.123231   0.108091   0.092610   0.076821   0.060723   0.044295   0.027498   0.010286   -0.007393   -0.025590   -0.044351   -0.063687   -0.083453   -0.103285   -0.122601   -0.140718   -0.157239   -0.172120   -0.185413   -0.197171   -0.207373   -0.215876   -0.222705   -0.228064   -0.232220   -0.235744   -0.239173   -0.242801   -0.246696   -0.251028   
0.250642   0.260080   0.267510   0.272797   0.276000   0.277151   0.276234   0.273307   0.268430   0.261733   0.253458   0.243848   0.233096   0.221344   0.208693   0.195219   0.180990   0.166090   0.150608   0.134611   0.118157   0.101298   0.084076   0.066502   0.048552   0.030180   0.011334   -0.008043   -0.028001   -0.048594   -0.069854   -0.091675   -0.113715   -0.135366   -0.155839   -0.174576   -0.191465   -0.206553   -0.219882   -0.231447   -0.241091   -0.248784   -0.254796   -0.259428   -0.263287   -0.266953   -0.270836   -0.275394   -0.280326   -0.285634   
0.277653   0.285825   0.291761   0.295531   0.297164   0.296636   0.293979   0.289237   0.282519   0.274040   0.264049   0.252778   0.240404   0.227021   0.212699   0.197523   0.181591   0.164992   0.147791   0.130050   0.111826   0.093173   0.074114   0.054627   0.034662   0.014162   -0.006931   -0.028671   -0.051118   -0.074322   -0.098232   -0.122560   -0.146711   -0.169819   -0.191117   -0.210356   -0.227563   -0.242766   -0.255967   -0.267032   -0.275857   -0.282711   -0.288024   -0.292347   -0.296176   -0.300426   -0.305573   -0.311055   -0.316791   -0.323597   
0.302682   0.309482   0.314047   0.316415   0.316550   0.314440   0.310122   0.303668   0.295241   0.285097   0.273511   0.260686   0.246720   0.231690   0.215697   0.198839   0.181204   0.162865   0.143888   0.124336   0.104271   0.083732   0.062707   0.041145   0.018985   -0.003831   -0.027361   -0.051671   -0.076824   -0.102824   -0.129466   -0.156220   -0.182197   -0.206414   -0.228386   -0.248080   -0.265513   -0.280668   -0.293458   -0.303746   -0.311705   -0.317920   -0.322874   -0.326941   -0.331560   -0.337153   -0.343086   -0.349471   -0.357020   -0.365423   
0.325400   0.331014   0.334399   0.335500   0.334254   0.330684   0.324820   0.316761   0.306754   0.295104   0.282037   0.267679   0.252123   0.235472   0.217823   0.199266   0.179886   0.159753   0.138933   0.117500   0.095506   0.072957   0.049806   0.025995   0.001465   -0.023851   -0.050020   -0.077113   -0.105181   -0.134113   -0.163494   -0.192484   -0.219951   -0.245075   -0.267669   -0.287735   -0.305222   -0.320070   -0.332187   -0.341606   -0.348997   -0.354743   -0.359333   -0.364287   -0.370071   -0.376471   -0.383585   -0.391733   -0.401001   -0.410830   
0.345741   0.350462   0.352871   0.352857   0.350402   0.345500   0.338188   0.328676   0.317271   0.304227   0.289715   0.273855   0.256744   0.238478   0.219151   0.198860   0.177681   0.155686   0.132957   0.109559   0.085516   0.060802   0.035365   0.009139   -0.017942   -0.045954   -0.074971   -0.105068   -0.136229   -0.168177   -0.200210   -0.231164   -0.259863   -0.285814   -0.308961   -0.329225   -0.346516   -0.360835   -0.372139   -0.381058   -0.387827   -0.393279   -0.398634   -0.404386   -0.411208   -0.419039   -0.427721   -0.437694   -0.448634   -0.460119   
0.363741   0.367868   0.369519   0.368607   0.365094   0.358975   0.350390   0.339614   0.326928   0.312557   0.296660   0.279331   0.260666   0.240767   0.219735   0.197656   0.174614   0.150694   0.125973   0.100495   0.074263   0.047237   0.019353   -0.009463   -0.039286   -0.070197   -0.102280   -0.135589   -0.169987   -0.204971   -0.239484   -0.272122   -0.301920   -0.328637   -0.352177   -0.372378   -0.389292   -0.402938   -0.413809   -0.421974   -0.428629   -0.434562   -0.440326   -0.447321   -0.455708   -0.464993   -0.475474   -0.487450   -0.500231   -0.513711   
0.379420   0.383278   0.384437   0.382822   0.378410   0.371267   0.361596   0.349692   0.335831   0.320218   0.302967   0.284172   0.263947   0.242392   0.219604   0.195681   0.170715   0.144789   0.117968   0.090286   0.061728   0.032235   0.001735   -0.029854   -0.062616   -0.096638   -0.132008   -0.168716   -0.206459   -0.244420   -0.281187   -0.315305   -0.346126   -0.373474   -0.397139   -0.417108   -0.433545   -0.446861   -0.456919   -0.465147   -0.471955   -0.478005   -0.484976   -0.493572   -0.503469   -0.514418   -0.527161   -0.541217   -0.556197   -0.571657   
0.392801   0.396738   0.397671   0.395582   0.390489   0.382511   0.371918   0.359029   0.344097   0.327280   0.308688   0.288437   0.266631   0.243376   0.218786   0.192961   0.165991   0.137960   0.108931   0.078919   0.047889   0.015767   -0.017526   -0.052079   -0.087984   -0.125336   -0.164210   -0.204481   -0.245626   -0.286440   -0.325228   -0.360704   -0.392430   -0.420157   -0.443760   -0.463451   -0.479716   -0.492260   -0.502504   -0.510611   -0.517365   -0.524393   -0.532803   -0.543024   -0.554603   -0.567768   -0.582935   -0.599377   -0.616518   -0.634009   
0.403862   0.408261   0.409293   0.406994   0.401429   0.392812   0.381477   0.367727   0.351781   0.333794   0.313884   0.292162   0.268742   0.243752   0.217306   0.189501   0.160439   0.130208   0.098855   0.066378   0.032720   -0.002200   -0.038469   -0.076183   -0.115443   -0.156350   -0.198930   -0.242905   -0.287446   -0.330947   -0.371563   -0.408271   -0.440681   -0.468592   -0.492091   -0.511807   -0.527458   -0.540270   -0.550236   -0.558201   -0.565631   -0.573737   -0.583774   -0.595892   -0.609449   -0.625305   -0.643093   -0.661889   -0.681213   -0.701066   
0.412538   0.417885   0.419373   0.417127   0.411323   0.402285   0.390359   0.375833   0.358936   0.339814   0.318582   0.295369   0.270311   0.243539   0.215166   0.185303   0.154066   0.121530   0.087729   0.052640   0.016194   -0.021699   -0.061133   -0.102213   -0.145046   -0.189735   -0.236209   -0.283996   -0.331873   -0.377863   -0.420140   -0.457880   -0.490790   -0.518795   -0.542530   -0.561857   -0.577894   -0.590375   -0.600160   -0.608540   -0.616622   -0.626105   -0.638204   -0.652305   -0.668449   -0.687242   -0.707584   -0.728788   -0.750592   -0.773117   
0.418820   0.425621   0.427943   0.426047   0.420268   0.410996   0.398602   0.383401   0.365608   0.345362   0.322805   0.298089   0.271357   0.242742   0.212373   0.180381   0.146874   0.111919   0.075536   0.037684   -0.001718   -0.042764   -0.085559   -0.130215   -0.176850   -0.225539   -0.276081   -0.327745   -0.378852   -0.427114   -0.470847   -0.509443   -0.542714   -0.571195   -0.594772   -0.614676   -0.630434   -0.642744   -0.652761   -0.661410   -0.670469   -0.681885   -0.696115   -0.712688   -0.731852   -0.753488   -0.776474   -0.800393   -0.824831   -0.850347   
0.422985   0.431430   0.435024   0.433816   0.428307   0.418978   0.406259   0.390468   0.371812   0.350460   0.326583   0.300340   0.271885   0.241371   0.208943   0.174739   0.138859   0.101363   0.062257   0.021485   -0.021044   -0.065431   -0.111789   -0.160240   -0.210909   -0.263809   -0.318578   -0.374128   -0.428303   -0.478590   -0.523575   -0.562855   -0.596942   -0.625462   -0.649851   -0.669663   -0.685298   -0.697768   -0.707767   -0.716981   -0.727553   -0.741067   -0.757950   -0.777282   -0.799578   -0.824130   -0.850088   -0.876783   -0.904088   -0.933026   
0.425541   0.435320   0.440618   0.440446   0.435461   0.426276   0.413360   0.397044   0.377569   0.355136   0.329931   0.302128   0.271909   0.239442   0.204884   0.168376   0.130013   0.089849   0.047874   0.004018   -0.041815   -0.089736   -0.139868   -0.192339   -0.247273   -0.304588   -0.363715   -0.423102   -0.480106   -0.532149   -0.578178   -0.618680   -0.653060   -0.682626   -0.707199   -0.727031   -0.742845   -0.755134   -0.765374   -0.775584   -0.787860   -0.804140   -0.823833   -0.846126   -0.871717   -0.899484   -0.928472   -0.958082   -0.988606   -1.021417   
0.426824   0.437538   0.444669   0.445929   0.441758   0.432907   0.419907   0.403147   0.382904   0.359404   0.332856   0.303469   0.271445   0.236964   0.200199   0.161288   0.120327   0.077360   0.032365   -0.014741   -0.064063   -0.115718   -0.169838   -0.226563   -0.285993   -0.347916   -0.411482   -0.474583   -0.534085   -0.587625   -0.635245   -0.676444   -0.712102   -0.742173   -0.766999   -0.787122   -0.802749   -0.815042   -0.825839   -0.837169   -0.851932   -0.871223   -0.893727   -0.919401   -0.948535   -0.979587   -1.011725   -1.044499   -1.078651   -1.115726   
0.426775   0.438444   0.447130   0.450259   0.447197   0.438865   0.425915   0.408798   0.387828   0.363271   0.335376   0.304381   0.270503   0.233943   0.194886   0.153470   0.109790   0.063882   0.015709   -0.034822   -0.087821   -0.143416   -0.201747   -0.262964   -0.327116   -0.393821   -0.461840   -0.528411   -0.590102   -0.645482   -0.694361   -0.737138   -0.773636   -0.804253   -0.829573   -0.849640   -0.865163   -0.877720   -0.889049   -0.902265   -0.919943   -0.942260   -0.967851   -0.997354   -1.030059   -1.064534   -1.100003   -1.136268   -1.174429   -1.216164   
0.425099   0.438162   0.448127   0.453393   0.451753   0.444154   0.431397   0.414003   0.392348   0.366755   0.337508   0.304872   0.269089   0.230382   0.188944   0.144915   0.098389   0.049396   -0.002118   -0.056251   -0.113123   -0.172868   -0.235640   -0.301591   -0.370683   -0.442309   -0.514688   -0.584411   -0.648236   -0.705594   -0.756340   -0.800444   -0.837801   -0.869138   -0.894694   -0.914646   -0.930332   -0.942992   -0.955480   -0.971115   -0.991857   -1.017406   -1.046534   -1.079991   -1.116386   -1.154469   -1.193511   -1.233568   -1.276134   -1.322957   
0.421527   0.436542   0.447906   0.455260   0.455407   0.448775   0.436352   0.418767   0.396481   0.369870   0.339260   0.304950   0.267208   0.226281   0.182367   0.135613   0.086112   0.033883   -0.021138   -0.079058   -0.140002   -0.204117   -0.271567   -0.342493   -0.416720   -0.493338   -0.569854   -0.642358   -0.708895   -0.768339   -0.821116   -0.866476   -0.904748   -0.936714   -0.962274   -0.982476   -0.998033   -1.011203   -1.025437   -1.043727   -1.067831   -1.096889   -1.129859   -1.167380   -1.207642   -1.249581   -1.292400   -1.336581   -1.383972   -1.436356   
0.416352   0.433410   0.446572   0.455805   0.458134   0.452716   0.440779   0.423102   0.400239   0.372627   0.340641   0.304620   0.264864   0.221639   0.175150   0.125554   0.072943   0.017324   -0.041377   -0.103271   -0.168495   -0.237204   -0.309574   -0.385708   -0.465234   -0.546795   -0.627104   -0.702911   -0.771816   -0.834117   -0.888707   -0.935202   -0.974549   -1.006746   -1.032778   -1.052883   -1.068444   -1.082710   -1.098940   -1.120277   -1.148087   -1.180760   -1.217909   -1.259623   -1.304017   -1.349993   -1.396823   -1.445506   -1.498199   -1.556565   
0.410152   0.428732   0.444023   0.455089   0.459890   0.455960   0.444681   0.427017   0.403629   0.375031   0.341657   0.303888   0.262058   0.216452   0.167287   0.114729   0.058867   -0.000301   -0.062858   -0.128922   -0.198637   -0.272172   -0.349709   -0.431263   -0.516183   -0.602504   -0.686650   -0.765583   -0.837962   -0.902712   -0.958949   -1.006930   -1.046856   -1.079783   -1.105965   -1.125848   -1.141989   -1.157535   -1.176150   -1.201017   -1.232661   -1.269141   -1.310767   -1.356897   -1.405642   -1.455820   -1.506950   -1.560586   -1.619039   -1.683767   
0.403252   0.422853   0.440187   0.453229   0.460616   0.458491   0.448058   0.430514   0.406656   0.377089   0.342312   0.302755   0.258790   0.210716   0.158770   0.103124   0.043867   -0.019014   -0.085608   -0.156040   -0.230465   -0.309064   -0.392007   -0.479154   -0.569454   -0.660166   -0.748674   -0.831355   -0.906916   -0.974111   -1.032286   -1.081278   -1.122154   -1.155646   -1.181674   -1.201842   -1.218670   -1.235810   -1.257362   -1.285995   -1.321614   -1.362180   -1.408581   -1.459343   -1.512626   -1.567196   -1.622998   -1.682022   -1.746693   -1.818138   
0.395677   0.416193   0.435153   0.450318   0.460246   0.460287   0.450903   0.433593   0.409324   0.378804   0.342610   0.301225   0.255057   0.204426   0.149590   0.090728   0.027926   -0.038835   -0.109652   -0.184658   -0.264018   -0.347922   -0.436492   -0.529338   -0.624844   -0.720494   -0.813125   -0.900018   -0.978947   -1.048568   -1.108387   -1.158513   -1.200425   -1.234117   -1.260355   -1.280836   -1.298562   -1.317877   -1.342645   -1.375281   -1.415017   -1.460057   -1.511486   -1.567069   -1.625082   -1.684307   -1.745161   -1.810000   -1.881349   -1.959852   
0.387398   0.408932   0.429100   0.446349   0.458698   0.461315   0.453203   0.436252   0.411632   0.380179   0.342553   0.299297   0.250856   0.197577   0.139737   0.077525   0.011028   -0.059787   -0.135018   -0.214808   -0.299334   -0.388779   -0.483162   -0.581692   -0.682191   -0.782947   -0.880833   -0.971853   -1.053821   -1.126021   -1.187259   -1.238867   -1.281465   -1.315490   -1.342006   -1.362848   -1.382041   -1.403791   -1.432098   -1.468948   -1.512981   -1.562943   -1.619568   -1.680185   -1.743167   -1.807328   -1.873621   -1.944713   -2.023190   -2.109085   
0.378460   0.401097   0.422303   0.441399   0.456015   0.461526   0.454942   0.438486   0.413583   0.381216   0.342143   0.296971   0.246184   0.190161   0.129201   0.063504   -0.006847   -0.081891   -0.161733   -0.246524   -0.336450   -0.431658   -0.531973   -0.635948   -0.742166   -0.848502   -0.951413   -1.046487   -1.131940   -1.206221   -1.269288   -1.322151   -1.365306   -1.399910   -1.426572   -1.448267   -1.469153   -1.493665   -1.525808   -1.567079   -1.615678   -1.670930   -1.732923   -1.798834   -1.867028   -1.936419   -2.008565   -2.086353   -2.172393   -2.266027   
0.368889   0.392742   0.414938   0.435575   0.452323   0.460859   0.456099   0.440289   0.415175   0.381916   0.341380   0.294244   0.241035   0.182170   0.117973   0.048650   -0.025717   -0.105171   -0.189825   -0.279839   -0.375395   -0.476560   -0.582804   -0.692161   -0.804152   -0.916998   -1.025209   -1.124363   -1.212896   -1.289491   -1.354392   -1.408193   -1.452332   -1.487252   -1.514346   -1.537178   -1.560006   -1.587595   -1.623854   -1.669813   -1.723236   -1.784111   -1.851686   -1.923168   -1.996794   -2.071749   -2.150174   -2.235108   -2.329136   -2.430874   
0.358633   0.383813   0.407136   0.429074   0.447777   0.459242   0.456647   0.441651   0.416406   0.382279   0.340263   0.291112   0.235404   0.173598   0.106040   0.032948   -0.045599   -0.129651   -0.219323   -0.314787   -0.416190   -0.523451   -0.635328   -0.750754   -0.869552   -0.988741   -1.101844   -1.205331   -1.296890   -1.375964   -1.442376   -1.497436   -1.542384   -1.577611   -1.605517   -1.629669   -1.654699   -1.685669   -1.726364   -1.777260   -1.835780   -1.902587   -1.976017   -2.053309   -2.132606   -2.213492   -2.298616   -2.391162   -2.493600   -2.603821   
0.347713   0.374324   0.398871   0.422006   0.442476   0.456656   0.456552   0.442562   0.417272   0.382303   0.338790   0.287572   0.229287   0.164436   0.093392   0.016382   -0.066515   -0.155353   -0.250257   -0.351394   -0.458839   -0.572225   -0.689660   -0.811386   -0.937659   -1.063421   -1.181838   -1.289212   -1.384068   -1.465482   -1.533372   -1.589865   -1.635383   -1.671304   -1.700146   -1.725838   -1.753323   -1.788001   -1.833473   -1.889495   -1.953445   -2.026497   -2.106034   -2.189383   -2.274616   -2.361817   -2.454051   -2.554696   -2.665972   -2.785065   
0.336219   0.364334   0.390158   0.414441   0.436526   0.453161   0.455771   0.443006   0.417768   0.381986   0.336959   0.283620   0.222675   0.154675   0.080016   -0.001062   -0.088483   -0.182304   -0.282656   -0.389679   -0.503322   -0.622591   -0.746121   -0.875360   -1.009267   -1.141199   -1.264755   -1.376265   -1.474464   -1.557872   -1.627723   -1.685321   -1.731667   -1.768359   -1.798344   -1.825757   -1.855971   -1.894749   -1.945255   -2.006600   -2.076397   -2.155953   -2.241855   -2.331522   -2.422976   -2.516883   -2.616643   -2.725897   -2.846438   -2.974794   
0.324170   0.353908   0.381091   0.406465   0.430039   0.448833   0.454245   0.442967   0.417887   0.381324   0.334765   0.279251   0.215565   0.144306   0.065900   -0.019402   -0.111525   -0.210529   -0.316544   -0.429652   -0.549568   -0.674374   -0.804458   -0.941954   -1.083603   -1.222237   -1.350819   -1.466605   -1.567880   -1.653591   -1.725256   -1.783976   -1.831260   -1.868893   -1.900193   -1.929499   -1.962788   -2.006016   -2.061781   -2.128689   -2.204771   -2.291060   -2.383604   -2.479858   -2.577841   -2.678849   -2.786562   -2.904951   -3.035188   -3.173195   
0.311589   0.343065   0.371697   0.398221   0.423101   0.443795   0.451945   0.442421   0.417621   0.380313   0.332203   0.274459   0.207948   0.133320   0.051031   -0.038653   -0.135661   -0.240052   -0.351943   -0.471304   -0.597375   -0.728256   -0.865991   -1.012027   -1.161231   -1.306147   -1.440016   -1.560163   -1.664323   -1.752649   -1.825898   -1.885982   -1.934236   -1.973024   -2.005753   -2.037163   -2.073910   -2.121876   -2.183140   -2.255897   -2.338665   -2.431933   -2.531410   -2.634522   -2.739360   -2.847870   -2.963989   -3.092044   -3.232403   -3.380449   
0.298444   0.331790   0.361986   0.389746   0.415833   0.438176   0.448906   0.441342   0.416961   0.378948   0.329270   0.269241   0.199817   0.121707   0.035398   -0.058833   -0.160911   -0.270898   -0.388862   -0.514595   -0.646138   -0.783467   -0.929946   -1.084707   -1.242009   -1.393328   -1.532552   -1.656722   -1.764258   -1.854877   -1.929966   -1.991331   -2.040718   -2.080826   -2.115087   -2.148897   -2.189420   -2.242408   -2.309461   -2.388333   -2.478181   -2.578693   -2.685401   -2.795646   -2.907680   -3.024100   -3.149110   -3.287360   -3.438266   -3.596739   
0.284704   0.320046   0.351925   0.381038   0.408296   0.432103   0.445200   0.439697   0.415895   0.377222   0.325961   0.263590   0.191166   0.109457   0.018985   -0.079959   -0.187299   -0.303086   -0.427304   -0.559415   -0.697036   -0.841851   -0.997316   -1.160700   -1.325702   -1.483587   -1.628289   -1.756539   -1.867520   -1.960441   -2.037410   -2.100102   -2.150825   -2.192350   -2.228311   -2.264799   -2.309398   -2.367724   -2.440844   -2.526122   -2.623428   -2.731463   -2.845709   -2.963362   -3.082943   -3.207695   -3.342115   -3.491077   -3.652955   -3.822245   
0.270341   0.307806   0.341486   0.372063   0.400511   0.425711   0.440906   0.437442   0.414408   0.375128   0.322270   0.257500   0.181985   0.096559   0.001778   -0.102049   -0.214845   -0.336631   -0.467252   -0.605137   -0.748698   -0.902259   -1.067134   -1.239719   -1.412688   -1.577188   -1.727014   -1.859894   -1.973980   -2.069498   -2.148253   -2.212411   -2.264634   -2.307662   -2.345543   -2.384944   -2.433944   -2.497933   -2.577379   -2.669392   -2.774517   -2.890368   -3.012460   -3.137804   -3.265294   -3.398812   -3.543194   -3.703373   -3.876644   -4.057142   
0.255334   0.295046   0.330644   0.362792   0.392466   0.419044   0.436107   0.434530   0.412486   0.372659   0.318192   0.250965   0.172268   0.083002   -0.016235   -0.125121   -0.243569   -0.371540   -0.508660   -0.652391   -0.803199   -0.966059   -1.140153   -1.321642   -1.502700   -1.673960   -1.829154   -1.966587   -2.083977   -2.182000   -2.262562   -2.328364   -2.382204   -2.426880   -2.466849   -2.509416   -2.563185   -2.633116   -2.719158   -2.818274   -2.931561   -3.055531   -3.185779   -3.319104   -3.454878   -3.597612   -3.752532   -3.924420   -4.109509   -4.301607   
0.239664   0.281746   0.319378   0.353203   0.384166   0.412113   0.430889   0.430976   0.410110   0.369808   0.313720   0.243978   0.162005   0.068776   -0.035071   -0.149193   -0.273487   -0.407810   -0.551383   -0.700684   -0.859457   -1.032118   -1.216084   -1.406819   -1.596036   -1.773700   -1.934831   -2.076586   -2.197485   -2.297972   -2.380442   -2.448039   -2.503619   -2.550090   -2.592292   -2.638334   -2.697216   -2.773362   -2.866279   -2.972896   -3.094673   -3.227079   -3.365791   -3.507392   -3.651842   -3.804262   -3.970307   -4.154388   -4.351719   -4.555812   


#  Thrust coefficient

0.047603   0.047332   0.047045   0.046743   0.046425   0.046094   0.045749   0.045392   0.045024   0.044644   0.044255   0.043856   0.043448   0.043032   0.042609   0.042179   0.041745   0.041306   0.040865   0.040421   0.039976   0.039530   0.039085   0.038641   0.038200   0.037762   0.037330   0.036907   0.036497   0.036106   0.035737   0.035392   0.035071   0.034780   0.034534   0.034341   0.034199   0.034099   0.034033   0.033996   0.033986   0.033986   0.033972   0.033920   0.033816   0.033643   0.033375   0.032992   0.032482   0.031844   
0.051685   0.051409   0.051119   0.050818   0.050505   0.050183   0.049852   0.049512   0.049165   0.048810   0.048449   0.048082   0.047712   0.047339   0.046964   0.046589   0.046215   0.045841   0.045471   0.045106   0.044749   0.044401   0.044065   0.043746   0.043452   0.043192   0.042972   0.042799   0.042677   0.042605   0.042582   0.042608   0.042682   0.042797   0.042940   0.043082   0.043188   0.043228   0.043178   0.043008   0.042691   0.042213   0.041563   0.040739   0.039744   0.038587   0.037282   0.035849   0.034301   0.032650   
0.057129   0.056877   0.056617   0.056348   0.056073   0.055792   0.055505   0.055213   0.054918   0.054621   0.054324   0.054028   0.053735   0.053445   0.053162   0.052888   0.052627   0.052381   0.052158   0.051968   0.051819   0.051719   0.051675   0.051695   0.051781   0.051933   0.052146   0.052408   0.052704   0.053016   0.053312   0.053552   0.053694   0.053688   0.053493   0.053081   0.052437   0.051555   0.050446   0.049124   0.047607   0.045915   0.044067   0.042081   0.039976   0.037762   0.035455   0.033068   0.030612   0.028100   
0.064083   0.063887   0.063686   0.063481   0.063273   0.063065   0.062856   0.062649   0.062445   0.062248   0.062060   0.061885   0.061727   0.061591   0.061485   0.061424   0.061418   0.061480   0.061616   0.061831   0.062124   0.062495   0.062937   0.063436   0.063968   0.064495   0.064968   0.065329   0.065517   0.065472   0.065150   0.064524   0.063583   0.062337   0.060810   0.059027   0.057016   0.054803   0.052414   0.049872   0.047198   0.044406   0.041508   0.038520   0.035456   0.032330   0.029151   0.025925   0.022653   0.019337   
0.072658   0.072549   0.072439   0.072332   0.072228   0.072130   0.072043   0.071971   0.071918   0.071889   0.071894   0.071945   0.072062   0.072258   0.072547   0.072934   0.073419   0.073999   0.074668   0.075411   0.076202   0.076994   0.077726   0.078323   0.078698   0.078773   0.078488   0.077806   0.076718   0.075238   0.073399   0.071242   0.068802   0.066112   0.063204   0.060107   0.056850   0.053457   0.049942   0.046319   0.042603   0.038811   0.034956   0.031046   0.027085   0.023073   0.019012   0.014904   0.010754   0.006581   
0.082946   0.082957   0.082977   0.083010   0.083061   0.083138   0.083247   0.083398   0.083606   0.083896   0.084288   0.084797   0.085428   0.086180   0.087048   0.088024   0.089084   0.090188   0.091270   0.092246   0.093014   0.093466   0.093508   0.093068   0.092115   0.090652   0.088711   0.086343   0.083599   0.080530   0.077175   0.073572   0.069756   0.065760   0.061611   0.057328   0.052927   0.048428   0.043848   0.039200   0.034493   0.029728   0.024908   0.020033   0.015103   0.010120   0.005107   0.000109   -0.004801   -0.009534   
0.095029   0.095211   0.095421   0.095669   0.095962   0.096318   0.096761   0.097322   0.098023   0.098872   0.099869   0.101011   0.102289   0.103680   0.105135   0.106573   0.107889   0.108959   0.109655   0.109853   0.109463   0.108436   0.106774   0.104521   0.101739   0.098494   0.094852   0.090867   0.086586   0.082050   0.077299   0.072368   0.067278   0.062051   0.056711   0.051280   0.045775   0.040205   0.034572   0.028877   0.023122   0.017307   0.011427   0.005493   -0.000454   -0.006338   -0.012050   -0.017477   -0.022534   -0.027182   
0.109028   0.109462   0.109956   0.110533   0.111225   0.112070   0.113088   0.114286   0.115663   0.117213   0.118921   0.120745   0.122604   0.124377   0.125918   0.127073   0.127691   0.127645   0.126847   0.125271   0.122952   0.119953   0.116363   0.112266   0.107735   0.102830   0.097605   0.092109   0.086387   0.080473   0.074388   0.068160   0.061820   0.055393   0.048893   0.042327   0.035694   0.028997   0.022236   0.015405   0.008501   0.001536   -0.005435   -0.012306   -0.018937   -0.025190   -0.030973   -0.036252   -0.041040   -0.045369   
0.125115   0.125917   0.126856   0.127977   0.129307   0.130851   0.132609   0.134573   0.136725   0.139005   0.141304   0.143460   0.145285   0.146597   0.147229   0.147041   0.145952   0.143946   0.141068   0.137403   0.133064   0.128150   0.122748   0.116924   0.110743   0.104261   0.097531   0.090587   0.083453   0.076168   0.068764   0.061270   0.053702   0.046067   0.038365   0.030596   0.022757   0.014843   0.006845   -0.001232   -0.009329   -0.017320   -0.025040   -0.032316   -0.039029   -0.045139   -0.050661   -0.055630   -0.060078   -0.064006   
0.143525   0.144903   0.146521   0.148393   0.150519   0.152891   0.155488   0.158251   0.161046   0.163674   0.165903   0.167511   0.168318   0.168168   0.166974   0.164715   0.161432   0.157227   0.152226   0.146555   0.140319   0.133595   0.126458   0.118978   0.111211   0.103195   0.094969   0.086571   0.078039   0.069408   0.060699   0.051923   0.043081   0.034173   0.025191   0.016127   0.006972   -0.002283   -0.011598   -0.020848   -0.029845   -0.038381   -0.046283   -0.053473   -0.059958   -0.065776   -0.070967   -0.075539   -0.079458   -0.082662   
0.164603   0.166768   0.169231   0.171986   0.175015   0.178269   0.181615   0.184823   0.187613   0.189708   0.190898   0.191018   0.189962   0.187685   0.184218   0.179655   0.174132   0.167804   0.160803   0.153224   0.145158   0.136686   0.127869   0.118759   0.109404   0.099849   0.090134   0.080299   0.070376   0.060386   0.050337   0.040221   0.030029   0.019754   0.009383   -0.001100   -0.011692   -0.022303   -0.032742   -0.042773   -0.052156   -0.060735   -0.068476   -0.075407   -0.081583   -0.087034   -0.091733   -0.095608   -0.098591   -0.100639   
0.188618   0.191713   0.195137   0.198857   0.202772   0.206649   0.210161   0.212968   0.214787   0.215438   0.214802   0.212796   0.209430   0.204769   0.198939   0.192117   0.184465   0.176116   0.167182   0.157754   0.147906   0.137699   0.127197   0.116455   0.105518   0.094424   0.083220   0.071945   0.060615   0.049222   0.037756   0.026207   0.014562   0.002801   -0.009094   -0.021100   -0.033075   -0.044772   -0.055912   -0.066231   -0.075586   -0.083972   -0.091437   -0.098045   -0.103806   -0.108649   -0.112485   -0.115245   -0.116919   -0.117562   
0.215731   0.219858   0.224296   0.228863   0.233217   0.236947   0.239676   0.241144   0.241225   0.239819   0.236885   0.232461   0.226635   0.219571   0.211462   0.202480   0.192781   0.182477   0.171653   0.160382   0.148742   0.136806   0.124627   0.112243   0.099707   0.087079   0.074393   0.061652   0.048843   0.035956   0.022977   0.009884   -0.003344   -0.016729   -0.030229   -0.043654   -0.056712   -0.069080   -0.080463   -0.090724   -0.099877   -0.107982   -0.115111   -0.121252   -0.126293   -0.130136   -0.132717   -0.134058   -0.134290   -0.133610   
0.246041   0.251215   0.256426   0.261218   0.265117   0.267732   0.268842   0.268363   0.266230   0.262420   0.256990   0.250052   0.241788   0.232403   0.222100   0.211050   0.199355   0.187098   0.174371   0.161265   0.147850   0.134171   0.120283   0.106255   0.092146   0.077981   0.063757   0.049464   0.035086   0.020603   0.005990   -0.008781   -0.023730   -0.038804   -0.053782   -0.068329   -0.082077   -0.094688   -0.106014   -0.116078   -0.124952   -0.132713   -0.139331   -0.144664   -0.148599   -0.151083   -0.152175   -0.152031   -0.151014   -0.149442   
0.279513   0.285362   0.290580   0.294645   0.297162   0.297942   0.296959   0.294166   0.289551   0.283193   0.275208   0.265782   0.255151   0.243545   0.231138   0.218032   0.204323   0.190121   0.175515   0.160567   0.145337   0.129902   0.114332   0.098676   0.082960   0.067186   0.051340   0.035402   0.019345   0.003141   -0.013241   -0.029822   -0.046550   -0.063189   -0.079368   -0.094673   -0.108709   -0.121289   -0.132437   -0.142232   -0.150758   -0.157986   -0.163738   -0.167893   -0.170394   -0.171340   -0.170945   -0.169587   -0.167596   -0.165226   
0.315592   0.321250   0.325516   0.327987   0.328501   0.327085   0.323718   0.318396   0.311200   0.302244   0.291717   0.279885   0.266997   0.253233   0.238712   0.223549   0.207856   0.191710   0.175187   0.158373   0.141350   0.124180   0.106912   0.089580   0.072189   0.054722   0.037156   0.019458   0.001596   -0.016460   -0.034733   -0.053188   -0.071595   -0.089553   -0.106606   -0.122289   -0.136343   -0.148778   -0.159678   -0.169129   -0.177124   -0.183461   -0.187990   -0.190676   -0.191581   -0.191081   -0.189431   -0.186977   -0.184256   -0.181541   
0.353185   0.357713   0.360214   0.360543   0.358779   0.354942   0.349021   0.341093   0.331264   0.319721   0.306748   0.292606   0.277500   0.261582   0.244973   0.227771   0.210059   0.191941   0.173516   0.154859   0.136034   0.117094   0.098081   0.079006   0.059854   0.040593   0.021188   0.001608   -0.018180   -0.038202   -0.058445   -0.078711   -0.098588   -0.117578   -0.135148   -0.150931   -0.164889   -0.177111   -0.187679   -0.196618   -0.203735   -0.208827   -0.211891   -0.212965   -0.212453   -0.210603   -0.207714   -0.204720   -0.201621   -0.198146   
0.391199   0.393826   0.394065   0.392046   0.387848   0.381450   0.372908   0.362326   0.349878   0.335841   0.320494   0.304085   0.286804   0.268760   0.250044   0.230765   0.211041   0.190976   0.170647   0.150119   0.129454   0.108698   0.087875   0.066971   0.045951   0.024780   0.003423   -0.018151   -0.039974   -0.062056   -0.084250   -0.106162   -0.127263   -0.146962   -0.164756   -0.180511   -0.194307   -0.206223   -0.216303   -0.224410   -0.230298   -0.233938   -0.235435   -0.235090   -0.233071   -0.229991   -0.226668   -0.223081   -0.219025   -0.214992   
0.428771   0.429026   0.426850   0.422401   0.415656   0.406635   0.395440   0.382222   0.367224   0.350753   0.333106   0.314501   0.295046   0.274838   0.254006   0.232674   0.210950   0.188918   0.166650   0.144212   0.121660   0.099026   0.076306   0.053466   0.030469   0.007280   -0.016134   -0.039806   -0.063766   -0.087932   -0.111964   -0.135319   -0.157368   -0.177473   -0.195334   -0.210994   -0.224530   -0.235985   -0.245298   -0.252241   -0.256701   -0.258884   -0.258930   -0.256908   -0.253826   -0.250150   -0.245947   -0.241480   -0.237024   -0.232576   
0.465340   0.463113   0.458518   0.451562   0.442213   0.430563   0.416731   0.400913   0.383435   0.364638   0.344764   0.323944   0.302289   0.279933   0.257004   0.233613   0.209862   0.185828   0.161579   0.137183   0.112681   0.088083   0.063364   0.038485   0.013411   -0.011894   -0.037465   -0.063340   -0.089501   -0.115696   -0.141407   -0.165978   -0.188681   -0.208993   -0.226846   -0.242317   -0.255428   -0.266175   -0.274435   -0.280010   -0.283162   -0.283824   -0.282150   -0.279210   -0.275187   -0.270420   -0.265546   -0.260609   -0.255601   -0.250598   
0.500696   0.496061   0.489028   0.479519   0.467588   0.453322   0.436868   0.418542   0.398711   0.377649   0.355536   0.332499   0.308667   0.284168   0.259124   0.233650   0.207834   0.181750   0.155472   0.129055   0.102523   0.075866   0.049050   0.022039   -0.005207   -0.032725   -0.060555   -0.088722   -0.117084   -0.145200   -0.172409   -0.197943   -0.221063   -0.241480   -0.259236   -0.274344   -0.286794   -0.296613   -0.303614   -0.308038   -0.309598   -0.308670   -0.306066   -0.301803   -0.296628   -0.291278   -0.285818   -0.280209   -0.274636   -0.269190   
0.534812   0.527839   0.518357   0.506339   0.491843   0.474977   0.456006   0.435299   0.413172   0.389862   0.365530   0.340291   0.314273   0.287611   0.260431   0.232833   0.204902   0.176718   0.148350   0.119836   0.091187   0.062382   0.033381   0.004145   -0.025368   -0.055197   -0.085383   -0.115893   -0.146405   -0.176304   -0.204813   -0.231060   -0.254448   -0.274881   -0.292373   -0.306869   -0.318494   -0.327214   -0.333222   -0.336041   -0.336263   -0.334249   -0.330045   -0.324623   -0.318754   -0.312722   -0.306509   -0.300334   -0.294287   -0.288615   
0.567661   0.558418   0.546547   0.532059   0.515040   0.495680   0.474311   0.451293   0.426919   0.401397   0.374848   0.347391   0.319172   0.290325   0.260965   0.231193   0.201096   0.170754   0.140223   0.109534   0.078686   0.047646   0.016371   -0.015182   -0.047055   -0.079292   -0.111920   -0.144775   -0.177349   -0.208883   -0.238475   -0.265236   -0.288782   -0.309079   -0.326045   -0.339782   -0.350482   -0.358378   -0.362846   -0.364620   -0.363555   -0.359814   -0.354411   -0.348061   -0.341404   -0.334596   -0.327780   -0.321103   -0.314805   -0.308798   
0.599207   0.587797   0.573618   0.556747   0.537312   0.515568   0.491894   0.466641   0.440069   0.412333   0.383550   0.353865   0.323419   0.292341   0.260754   0.228757   0.196435   0.163867   0.131104   0.098166   0.065036   0.031674   -0.001965   -0.035925   -0.070253   -0.104990   -0.140116   -0.175283   -0.209814   -0.242820   -0.273278   -0.300402   -0.323962   -0.343865   -0.360139   -0.373088   -0.383139   -0.389644   -0.393337   -0.393697   -0.390888   -0.385886   -0.379267   -0.371970   -0.364542   -0.357063   -0.349728   -0.342749   -0.336060   -0.329632   
0.629396   0.615970   0.599639   0.580511   0.558768   0.534756   0.508879   0.481451   0.452686   0.422724   0.391699   0.359756   0.327039   0.293688   0.259823   0.225540   0.190934   0.156078   0.121012   0.085747   0.050252   0.014482   -0.021610   -0.058069   -0.094943   -0.132271   -0.169912   -0.207334   -0.243705   -0.278005   -0.309132   -0.336458   -0.359793   -0.379120   -0.394680   -0.407139   -0.416019   -0.421978   -0.424280   -0.422955   -0.418810   -0.412340   -0.404534   -0.396439   -0.388264   -0.380249   -0.372547   -0.365117   -0.357961   -0.351170   
0.658161   0.642988   0.624689   0.603434   0.579519   0.553370   0.525363   0.495781   0.464825   0.432629   0.399331   0.365089   0.330061   0.294389   0.258186   0.221562   0.184613   0.147404   0.109964   0.072291   0.034346   -0.003918   -0.042550   -0.081598   -0.121111   -0.161098   -0.201246   -0.240850   -0.278936   -0.314330   -0.345931   -0.373229   -0.396154   -0.414833   -0.430028   -0.441537   -0.450098   -0.454798   -0.455557   -0.452844   -0.447056   -0.439140   -0.430400   -0.421469   -0.412752   -0.404295   -0.396077   -0.388132   -0.380621   -0.373436   
0.685518   0.668890   0.648823   0.625613   0.599687   0.571494   0.541398   0.509686   0.476534   0.442073   0.406467   0.369890   0.332505   0.294454   0.255862   0.216845   0.177494   0.137862   0.097973   0.057812   0.017334   -0.023510   -0.064770   -0.106498   -0.148743   -0.191429   -0.234057   -0.275760   -0.315415   -0.351680   -0.383512   -0.410590   -0.432972   -0.451401   -0.465810   -0.477231   -0.484735   -0.488110   -0.487513   -0.483040   -0.475625   -0.466516   -0.456796   -0.447309   -0.438086   -0.429043   -0.420265   -0.411943   -0.404016   -0.396363   
0.711701   0.693684   0.672111   0.647148   0.619340   0.589175   0.557043   0.523209   0.487834   0.451078   0.413131   0.374177   0.334384   0.293905   0.252874   0.211409   0.169591   0.127466   0.085052   0.042322   -0.000772   -0.044282   -0.088260   -0.132758   -0.177816   -0.223220   -0.268288   -0.311995   -0.353029   -0.389899   -0.421725   -0.448400   -0.470707   -0.488434   -0.502950   -0.513584   -0.520002   -0.522184   -0.519789   -0.513587   -0.504719   -0.494368   -0.484029   -0.473999   -0.464117   -0.454471   -0.445272   -0.436495   -0.428093   -0.419966   
0.737125   0.717433   0.694609   0.668087   0.638521   0.606469   0.572332   0.536363   0.498742   0.459666   0.419341   0.377962   0.335717   0.292765   0.249244   0.205272   0.160920   0.116231   0.071214   0.025834   -0.019961   -0.066223   -0.113006   -0.160365   -0.208302   -0.256427   -0.303881   -0.349465   -0.391625   -0.428798   -0.460385   -0.487195   -0.508897   -0.526856   -0.540858   -0.550674   -0.556143   -0.556630   -0.552469   -0.544637   -0.534207   -0.523054   -0.512121   -0.501386   -0.490849   -0.480730   -0.471024   -0.461745   -0.452869   -0.444273   
0.762113   0.740383   0.716318   0.688456   0.657272   0.623405   0.587277   0.549163   0.509279   0.467851   0.425108   0.381268   0.336528   0.291053   0.244991   0.198448   0.151493   0.104168   0.056471   0.008359   -0.040220   -0.089321   -0.138998   -0.189308   -0.240171   -0.291006   -0.340772   -0.388050   -0.430993   -0.468173   -0.500046   -0.526458   -0.548465   -0.566143   -0.579595   -0.588741   -0.592768   -0.591544   -0.585669   -0.576017   -0.564468   -0.552600   -0.540926   -0.529494   -0.518425   -0.507742   -0.497485   -0.487708   -0.478375   -0.469259   
0.786744   0.762846   0.737237   0.708275   0.675613   0.639988   0.601887   0.561626   0.519456   0.475647   0.430455   0.384115   0.336835   0.288789   0.240127   0.190949   0.141323   0.091288   0.040831   -0.010094   -0.061542   -0.113567   -0.166226   -0.219572   -0.273393   -0.326908   -0.378871   -0.427560   -0.470957   -0.508444   -0.540257   -0.567066   -0.588977   -0.606338   -0.619396   -0.627434   -0.629930   -0.627031   -0.619171   -0.608084   -0.595570   -0.582875   -0.570481   -0.558456   -0.546766   -0.535473   -0.524668   -0.514423   -0.504588   -0.494898   
0.810943   0.784971   0.757495   0.727535   0.693536   0.656224   0.616175   0.573758   0.529287   0.483073   0.435400   0.386522   0.336656   0.285988   0.234666   0.182787   0.130422   0.077601   0.024305   -0.029516   -0.083916   -0.138951   -0.194683   -0.251138   -0.307931   -0.364066   -0.418038   -0.467792   -0.511547   -0.549454   -0.581718   -0.608704   -0.630472   -0.647634   -0.659981   -0.666721   -0.667764   -0.662836   -0.653281   -0.640947   -0.627399   -0.613922   -0.600903   -0.588195   -0.575836   -0.563928   -0.552619   -0.541868   -0.531482   -0.521178   
0.834609   0.806736   0.777309   0.746198   0.711036   0.672116   0.630144   0.585572   0.538788   0.490148   0.439961   0.388504   0.336006   0.282663   0.228619   0.173974   0.118798   0.063116   0.006901   -0.049897   -0.107333   -0.165467   -0.224360   -0.283985   -0.343740   -0.402386   -0.458068   -0.508491   -0.553140   -0.591478   -0.624348   -0.651389   -0.673034   -0.689870   -0.701187   -0.706836   -0.705990   -0.699172   -0.688156   -0.674503   -0.660003   -0.645854   -0.632120   -0.618681   -0.605635   -0.593159   -0.581319   -0.570023   -0.559044   -0.548117   
0.857882   0.828079   0.796800   0.764237   0.728101   0.687663   0.643800   0.597082   0.547977   0.496887   0.444155   0.390078   0.334900   0.278827   0.221998   0.164519   0.106460   0.047840   -0.011373   -0.071230   -0.131787   -0.193106   -0.255250   -0.318083   -0.380757   -0.441713   -0.498697   -0.550278   -0.595404   -0.634863   -0.668088   -0.695039   -0.716682   -0.732753   -0.743373   -0.747477   -0.744672   -0.736264   -0.723704   -0.708804   -0.693500   -0.678612   -0.664100   -0.649900   -0.636213   -0.623156   -0.610750   -0.598872   -0.587292   -0.575709   
0.881038   0.848985   0.815945   0.781723   0.744710   0.702860   0.657151   0.608302   0.556869   0.503306   0.447995   0.391256   0.333351   0.274488   0.214811   0.154431   0.093416   0.031782   -0.030509   -0.093507   -0.157270   -0.221863   -0.287339   -0.353392   -0.418877   -0.481836   -0.540099   -0.592633   -0.639195   -0.679352   -0.712731   -0.739892   -0.761035   -0.776719   -0.786250   -0.788545   -0.784115   -0.774024   -0.759953   -0.743986   -0.727846   -0.712161   -0.696824   -0.681903   -0.667570   -0.653898   -0.640896   -0.628436   -0.616220   -0.603945   
0.904246   0.869612   0.834717   0.798780   0.760835   0.717706   0.670207   0.619243   0.565476   0.509418   0.451494   0.392051   0.331369   0.269657   0.207068   0.143717   0.079674   0.014947   -0.050502   -0.116723   -0.183777   -0.251732   -0.320605   -0.389848   -0.457936   -0.522417   -0.582442   -0.636407   -0.684089   -0.724867   -0.758639   -0.785547   -0.806460   -0.821547   -0.829602   -0.830397   -0.824224   -0.812451   -0.797057   -0.780017   -0.763010   -0.746476   -0.730330   -0.714698   -0.699685   -0.685374   -0.671780   -0.658708   -0.645817   -0.632826   
0.927535   0.890186   0.853159   0.815505   0.776443   0.732195   0.682973   0.629917   0.573809   0.515235   0.454666   0.392476   0.328963   0.264342   0.198775   0.132384   0.065239   -0.002657   -0.071343   -0.140871   -0.211304   -0.282707   -0.355013   -0.427351   -0.497692   -0.564136   -0.625599   -0.681375   -0.730257   -0.771591   -0.805467   -0.832166   -0.852900   -0.866975   -0.873771   -0.872929   -0.864975   -0.851734   -0.834984   -0.816880   -0.798969   -0.781574   -0.764645   -0.748265   -0.732546   -0.717603   -0.703399   -0.689676   -0.676079   -0.662356   
0.950922   0.910828   0.871363   0.831909   0.791499   0.746317   0.695451   0.640330   0.581879   0.520768   0.457519   0.392539   0.326141   0.258549   0.189940   0.120439   0.050118   -0.021025   -0.093028   -0.165947   -0.239845   -0.314772   -0.390504   -0.465732   -0.537936   -0.606431   -0.670315   -0.727723   -0.777427   -0.819429   -0.853145   -0.879929   -0.900107   -0.913202   -0.918689   -0.916075   -0.906598   -0.891826   -0.873730   -0.854555   -0.835725   -0.817496   -0.799748   -0.782589   -0.766168   -0.750591   -0.735743   -0.721335   -0.707006   -0.692541   
0.974430   0.931562   0.889475   0.848032   0.806053   0.760056   0.707643   0.650489   0.589696   0.526028   0.460066   0.392250   0.322910   0.252287   0.180568   0.107888   0.034317   -0.040150   -0.115553   -0.191946   -0.269395   -0.347899   -0.426989   -0.504682   -0.579314   -0.650153   -0.716184   -0.775055   -0.825929   -0.868096   -0.901978   -0.928608   -0.948046   -0.960309   -0.964235   -0.960082   -0.949046   -0.932735   -0.913285   -0.893034   -0.873324   -0.854224   -0.835623   -0.817681   -0.800567   -0.784326   -0.768803   -0.753681   -0.738602   -0.723393   
0.998087   0.952416   0.907599   0.863927   0.820208   0.773385   0.719545   0.660401   0.597268   0.531024   0.462314   0.391615   0.319277   0.245561   0.170667   0.094737   0.017841   -0.060029   -0.138912   -0.218867   -0.299940   -0.382044   -0.464302   -0.544190   -0.621167   -0.695128   -0.763455   -0.823719   -0.875343   -0.917814   -0.951851   -0.977989   -0.997013   -1.008123   -1.010581   -1.004945   -0.992325   -0.974449   -0.953638   -0.932362   -0.911757   -0.891740   -0.872272   -0.853563   -0.835732   -0.818801   -0.802575   -0.786715   -0.770873   -0.754924   
1.021907   0.973398   0.925815   0.879694   0.834069   0.786273   0.731153   0.670069   0.604601   0.535763   0.464270   0.390640   0.315249   0.238377   0.160241   0.080990   0.000694   -0.080658   -0.163104   -0.246703   -0.331460   -0.417132   -0.502090   -0.584664   -0.664764   -0.741574   -0.811722   -0.873540   -0.925777   -0.968678   -1.002532   -1.028418   -1.046815   -1.056656   -1.057818   -1.050662   -1.036430   -1.016953   -0.994821   -0.972554   -0.951003   -0.930038   -0.909723   -0.890227   -0.871657   -0.854011   -0.837058   -0.820440   -0.803829   -0.787146   
1.045908   0.994520   0.944131   0.895393   0.847695   0.798716   0.742456   0.679494   0.611703   0.540254   0.465942   0.389332   0.310829   0.230740   0.149295   0.066653   -0.017119   -0.102032   -0.188125   -0.275445   -0.363920   -0.453020   -0.540400   -0.625686   -0.709409   -0.789166   -0.861417   -0.924296   -0.977318   -1.020494   -1.054082   -1.079836   -1.097321   -1.106112   -1.105926   -1.097243   -1.081342   -1.060255   -1.036879   -1.013586   -0.991047   -0.969148   -0.947971   -0.927666   -0.908339   -0.889955   -0.872251   -0.854859   -0.837479   -0.820068   
1.070110   1.015800   0.962554   0.911069   0.861146   0.810748   0.753438   0.688678   0.618579   0.544501   0.467334   0.387695   0.306025   0.222655   0.137835   0.051730   -0.035595   -0.124149   -0.213972   -0.305076   -0.397265   -0.489395   -0.579550   -0.668448   -0.755768   -0.837991   -0.912102   -0.976148   -1.029967   -1.073048   -1.106769   -1.132051   -1.148762   -1.156450   -1.154935   -1.144673   -1.127050   -1.104411   -1.079795   -1.055441   -1.031911   -1.009072   -0.987010   -0.965878   -0.945775   -0.926629   -0.908157   -0.889981   -0.871834   -0.853698   
1.094524   1.037254   0.981105   0.926775   0.874482   0.822415   0.764077   0.697618   0.625231   0.548509   0.468452   0.385735   0.300840   0.214128   0.125865   0.036224   -0.054731   -0.147007   -0.240638   -0.335570   -0.431392   -0.526026   -0.619198   -0.712226   -0.803091   -0.888161   -0.963902   -1.029171   -1.083492   -1.126702   -1.160390   -1.185148   -1.201099   -1.207701   -1.204845   -1.192933   -1.173590   -1.149426   -1.123553   -1.098128   -1.073607   -1.049803   -1.026838   -1.004862   -0.983962   -0.964036   -0.944779   -0.925813   -0.906904   -0.888039   
1.119155   1.058890   0.999792   0.942567   0.887748   0.833796   0.774363   0.706310   0.631662   0.552283   0.469299   0.383455   0.295279   0.205162   0.113388   0.020138   -0.074524   -0.170604   -0.268112   -0.366887   -0.466084   -0.563586   -0.660558   -0.757752   -0.851834   -0.939274   -1.016750   -1.083259   -1.137840   -1.181425   -1.214828   -1.239209   -1.254333   -1.259903   -1.255637   -1.242028   -1.220998   -1.195286   -1.168147   -1.141670   -1.116127   -1.091339   -1.067454   -1.044615   -1.022901   -1.002175   -0.982123   -0.962365   -0.942694   -0.923096   
1.144007   1.080711   1.018621   0.958463   0.900995   0.844973   0.784322   0.714745   0.637874   0.555827   0.469880   0.380861   0.289347   0.195761   0.100407   0.003475   -0.094972   -0.194935   -0.296374   -0.398961   -0.500708   -0.601257   -0.702847   -0.804183   -0.901837   -0.991618   -1.070805   -1.138163   -1.193390   -1.237020   -1.270304   -1.294172   -1.308509   -1.313052   -1.307294   -1.292009   -1.269261   -1.241981   -1.213606   -1.186062   -1.159468   -1.133678   -1.108855   -1.085136   -1.062590   -1.041049   -1.020193   -0.999645   -0.979209   -0.958869   
1.169081   1.102717   1.037593   0.974470   0.914248   0.856014   0.794000   0.722912   0.643865   0.559142   0.470199   0.377956   0.283047   0.185929   0.086927   -0.013763   -0.116074   -0.219993   -0.325397   -0.431661   -0.536397   -0.640735   -0.746926   -0.852106   -0.952831   -1.044970   -1.125891   -1.194059   -1.249950   -1.293572   -1.326726   -1.350047   -1.363668   -1.367126   -1.359846   -1.342877   -1.318364   -1.289532   -1.259935   -1.231297   -1.203629   -1.176821   -1.151041   -1.126426   -1.103030   -1.080662   -1.058999   -1.037659   -1.016452   -0.995357   
1.194380   1.124908   1.056709   0.990583   0.927523   0.866983   0.803440   0.730793   0.649635   0.562230   0.470258   0.374744   0.276382   0.175669   0.072948   -0.031574   -0.137826   -0.245767   -0.355140   -0.464371   -0.571815   -0.680908   -0.791857   -0.901230   -1.005096   -1.099542   -1.181765   -1.251160   -1.307357   -1.351172   -1.384065   -1.406877   -1.419810   -1.422116   -1.413326   -1.394615   -1.368310   -1.337959   -1.307128   -1.277373   -1.248611   -1.220766   -1.194012   -1.168484   -1.144223   -1.121019   -1.098547   -1.076413   -1.054426   -1.032554   
1.219901   1.147284   1.075969   1.006804   0.940830   0.877901   0.812682   0.738368   0.655181   0.565094   0.470061   0.371228   0.269356   0.164982   0.058474   -0.049955   -0.160227   -0.272237   -0.385536   -0.497637   -0.608829   -0.722975   -0.838271   -0.951383   -1.058348   -1.155127   -1.238757   -1.309244   -1.365850   -1.409733   -1.442325   -1.464696   -1.476923   -1.478063   -1.467722   -1.447210   -1.419128   -1.387259   -1.355184   -1.324289   -1.294412   -1.265514   -1.237766   -1.211310   -1.186171   -1.162127   -1.138844   -1.115910   -1.093129   -1.070456   
1.245644   1.169847   1.095375   1.023131   0.954190   0.888783   0.821762   0.745653   0.660498   0.567734   0.469610   0.367410   0.261971   0.153873   0.043505   -0.068906   -0.183267   -0.299378   -0.416431   -0.531035   -0.646441   -0.765864   -0.885876   -1.002825   -1.112831   -1.211489   -1.296936   -1.368229   -1.425364   -1.469230   -1.501544   -1.523509   -1.535018   -1.534979   -1.523015   -1.500681   -1.470821   -1.437429   -1.404103   -1.372046   -1.341033   -1.311063   -1.282305   -1.254905   -1.228876   -1.203991   -1.179894   -1.156150   -1.132559   -1.109053   


# Torque coefficient

0.001769   0.002289   0.002810   0.003331   0.003853   0.004375   0.004896   0.005418   0.005940   0.006461   0.006982   0.007503   0.008023   0.008543   0.009062   0.009581   0.010099   0.010617   0.011134   0.011650   0.012166   0.012682   0.013197   0.013712   0.014227   0.014743   0.015260   0.015780   0.016303   0.016829   0.017357   0.017887   0.018424   0.018967   0.019517   0.020076   0.020649   0.021237   0.021840   0.022452   0.023065   0.023664   0.024227   0.024734   0.025166   0.025504   0.025729   0.025822   0.025769   0.025563   
0.003138   0.003750   0.004362   0.004975   0.005588   0.006200   0.006813   0.007425   0.008036   0.008648   0.009259   0.009869   0.010479   0.011087   0.011695   0.012303   0.012909   0.013515   0.014121   0.014727   0.015334   0.015943   0.016556   0.017171   0.017786   0.018401   0.019019   0.019638   0.020262   0.020895   0.021542   0.022204   0.022881   0.023567   0.024253   0.024920   0.025544   0.026102   0.026567   0.026914   0.027118   0.027165   0.027050   0.026773   0.026342   0.025763   0.025046   0.024200   0.023240   0.022180   
0.004865   0.005583   0.006301   0.007019   0.007736   0.008453   0.009169   0.009885   0.010600   0.011313   0.012026   0.012737   0.013447   0.014156   0.014866   0.015576   0.016288   0.017003   0.017721   0.018437   0.019149   0.019857   0.020564   0.021272   0.021988   0.022720   0.023469   0.024236   0.025012   0.025785   0.026527   0.027211   0.027806   0.028280   0.028604   0.028761   0.028740   0.028535   0.028152   0.027604   0.026909   0.026083   0.025139   0.024084   0.022929   0.021686   0.020369   0.018986   0.017548   0.016058   
0.006937   0.007774   0.008610   0.009445   0.010279   0.011111   0.011942   0.012771   0.013598   0.014424   0.015250   0.016076   0.016904   0.017737   0.018571   0.019399   0.020217   0.021024   0.021824   0.022625   0.023436   0.024267   0.025121   0.025993   0.026872   0.027732   0.028542   0.029267   0.029866   0.030304   0.030554   0.030604   0.030450   0.030098   0.029564   0.028862   0.028013   0.027034   0.025940   0.024744   0.023456   0.022083   0.020635   0.019125   0.017559   0.015944   0.014284   0.012582   0.010840   0.009059   
0.009334   0.010300   0.011264   0.012225   0.013185   0.014142   0.015097   0.016052   0.017008   0.017968   0.018931   0.019891   0.020836   0.021760   0.022666   0.023565   0.024469   0.025394   0.026346   0.027324   0.028314   0.029289   0.030213   0.031045   0.031738   0.032251   0.032552   0.032626   0.032468   0.032089   0.031510   0.030753   0.029836   0.028777   0.027596   0.026308   0.024925   0.023456   0.021909   0.020294   0.018620   0.016896   0.015125   0.013311   0.011455   0.009559   0.007622   0.005646   0.003631   0.001585   
0.012030   0.013133   0.014234   0.015333   0.016430   0.017527   0.018629   0.019735   0.020837   0.021916   0.022961   0.023977   0.024980   0.025992   0.027030   0.028101   0.029200   0.030308   0.031388   0.032397   0.033284   0.033998   0.034495   0.034746   0.034737   0.034471   0.033970   0.033258   0.032362   0.031303   0.030102   0.028776   0.027342   0.025813   0.024198   0.022505   0.020745   0.018927   0.017059   0.015146   0.013190   0.011190   0.009148   0.007064   0.004937   0.002768   0.000563   -0.001660   -0.003871   -0.006027   
0.015000   0.016254   0.017506   0.018760   0.020019   0.021281   0.022522   0.023718   0.024866   0.025985   0.027104   0.028247   0.029428   0.030644   0.031877   0.033088   0.034225   0.035232   0.036052   0.036634   0.036946   0.036970   0.036709   0.036186   0.035430   0.034470   0.033336   0.032049   0.030628   0.029090   0.027449   0.025718   0.023906   0.022021   0.020075   0.018077   0.016032   0.013944   0.011813   0.009636   0.007416   0.005151   0.002838   0.000479   -0.001911   -0.004307   -0.006664   -0.008931   -0.011069   -0.013051   
0.018237   0.019660   0.021089   0.022516   0.023908   0.025234   0.026497   0.027732   0.028976   0.030253   0.031573   0.032928   0.034287   0.035595   0.036787   0.037800   0.038575   0.039068   0.039251   0.039119   0.038687   0.037985   0.037048   0.035909   0.034596   0.033133   0.031537   0.029824   0.028010   0.026106   0.024122   0.022067   0.019954   0.017789   0.015580   0.013327   0.011029   0.008686   0.006295   0.003856   0.001364   -0.001179   -0.003755   -0.006331   -0.008854   -0.011266   -0.013522   -0.015601   -0.017503   -0.019238   
0.021750   0.023359   0.024926   0.026406   0.027803   0.029163   0.030533   0.031938   0.033392   0.034883   0.036371   0.037790   0.039063   0.040121   0.040907   0.041376   0.041507   0.041302   0.040778   0.039970   0.038916   0.037653   0.036212   0.034614   0.032880   0.031025   0.029066   0.027013   0.024878   0.022671   0.020405   0.018087   0.015723   0.013315   0.010861   0.008360   0.005809   0.003205   0.000544   -0.002176   -0.004939   -0.007709   -0.010428   -0.013031   -0.015461   -0.017695   -0.019734   -0.021586   -0.023263   -0.024775   
0.025495   0.027170   0.028730   0.030226   0.031720   0.033248   0.034827   0.036452   0.038080   0.039635   0.041031   0.042190   0.043052   0.043575   0.043738   0.043542   0.043007   0.042163   0.041055   0.039722   0.038196   0.036504   0.034668   0.032704   0.030626   0.028449   0.026183   0.023842   0.021437   0.018977   0.016470   0.013917   0.011318   0.008670   0.005969   0.003213   0.000395   -0.002490   -0.005433   -0.008405   -0.011347   -0.014186   -0.016851   -0.019303   -0.021538   -0.023564   -0.025394   -0.027034   -0.028488   -0.029755   
0.029212   0.030871   0.032495   0.034140   0.035835   0.037587   0.039361   0.041078   0.042642   0.043961   0.044970   0.045625   0.045903   0.045801   0.045337   0.044534   0.043437   0.042089   0.040527   0.038784   0.036883   0.034842   0.032677   0.030401   0.028029   0.025574   0.023047   0.020458   0.017818   0.015130   0.012397   0.009614   0.006776   0.003879   0.000918   -0.002113   -0.005220   -0.008383   -0.011554   -0.014661   -0.017616   -0.020353   -0.022852   -0.025115   -0.027156   -0.028985   -0.030602   -0.032006   -0.033199   -0.034191   
0.032816   0.034581   0.036385   0.038250   0.040164   0.042056   0.043823   0.045360   0.046582   0.047443   0.047915   0.047991   0.047681   0.047003   0.045994   0.044695   0.043153   0.041405   0.039482   0.037402   0.035183   0.032840   0.030388   0.027843   0.025216   0.022516   0.019756   0.016946   0.014090   0.011183   0.008219   0.005196   0.002107   -0.001055   -0.004299   -0.007625   -0.011005   -0.014377   -0.017654   -0.020739   -0.023572   -0.026145   -0.028465   -0.030547   -0.032396   -0.034005   -0.035374   -0.036510   -0.037438   -0.038207   
0.036455   0.038421   0.040453   0.042510   0.044495   0.046288   0.047785   0.048919   0.049656   0.049988   0.049915   0.049449   0.048614   0.047445   0.045989   0.044293   0.042395   0.040322   0.038091   0.035716   0.033217   0.030611   0.027910   0.025124   0.022263   0.019345   0.016377   0.013358   0.010283   0.007147   0.003944   0.000667   -0.002693   -0.006146   -0.009689   -0.013286   -0.016866   -0.020328   -0.023566   -0.026527   -0.029205   -0.031611   -0.033761   -0.035653   -0.037273   -0.038627   -0.039729   -0.040615   -0.041358   -0.042042   
0.040214   0.042405   0.044590   0.046649   0.048461   0.049928   0.050996   0.051650   0.051889   0.051715   0.051147   0.050202   0.048919   0.047347   0.045532   0.043516   0.041320   0.038960   0.036455   0.033823   0.031081   0.028238   0.025306   0.022300   0.019236   0.016117   0.012942   0.009705   0.006403   0.003026   -0.000433   -0.003986   -0.007641   -0.011397   -0.015212   -0.019011   -0.022680   -0.026103   -0.029224   -0.032041   -0.034564   -0.036809   -0.038770   -0.040428   -0.041791   -0.042883   -0.043752   -0.044479   -0.045188   -0.045909   
0.044074   0.046373   0.048500   0.050337   0.051793   0.052829   0.053442   0.053634   0.053411   0.052787   0.051779   0.050425   0.048773   0.046876   0.044771   0.042478   0.040015   0.037403   0.034660   0.031797   0.028828   0.025767   0.022630   0.019428   0.016166   0.012843   0.009454   0.005992   0.002449   -0.001186   -0.004924   -0.008775   -0.012736   -0.016771   -0.020799   -0.024700   -0.028342   -0.031660   -0.034650   -0.037323   -0.039693   -0.041754   -0.043480   -0.044881   -0.045987   -0.046861   -0.047594   -0.048318   -0.049076   -0.049837   
0.047835   0.050031   0.051906   0.053379   0.054419   0.055033   0.055225   0.054998   0.054363   0.053338   0.051955   0.050264   0.048317   0.046151   0.043788   0.041250   0.038556   0.035719   0.032754   0.029678   0.026505   0.023248   0.019919   0.016523   0.013060   0.009527   0.005914   0.002212   -0.001590   -0.005504   -0.009539   -0.013698   -0.017949   -0.022215   -0.026369   -0.030266   -0.033819   -0.037020   -0.039879   -0.042408   -0.044602   -0.046431   -0.047899   -0.049052   -0.049946   -0.050704   -0.051441   -0.052222   -0.053060   -0.053991   
0.051224   0.053153   0.054671   0.055752   0.056406   0.056642   0.056454   0.055856   0.054859   0.053491   0.051799   0.049835   0.047638   0.045236   0.042651   0.039897   0.036989   0.033944   0.030780   0.027511   0.024148   0.020702   0.017183   0.013591   0.009923   0.006168   0.002316   -0.001644   -0.005723   -0.009931   -0.014276   -0.018736   -0.023240   -0.027665   -0.031849   -0.035678   -0.039130   -0.042213   -0.044937   -0.047301   -0.049272   -0.050844   -0.052073   -0.053020   -0.053808   -0.054557   -0.055351   -0.056282   -0.057290   -0.058375   
0.054053   0.055644   0.056799   0.057533   0.057851   0.057748   0.057231   0.056308   0.055000   0.053349   0.051404   0.049210   0.046801   0.044196   0.041408   0.038453   0.035352   0.032120   0.028772   0.025318   0.021770   0.018139   0.014428   0.010635   0.006748   0.002757   -0.001349   -0.005582   -0.009952   -0.014469   -0.019124   -0.023860   -0.028561   -0.033060   -0.037206   -0.040952   -0.044301   -0.047261   -0.049831   -0.051985   -0.053703   -0.055037   -0.056072   -0.056913   -0.057659   -0.058486   -0.059488   -0.060555   -0.061672   -0.062997   
0.056257   0.057521   0.058369   0.058810   0.058835   0.058442   0.057640   0.056440   0.054874   0.052989   0.050835   0.048452   0.045856   0.043062   0.040090   0.036957   0.033679   0.030270   0.026743   0.023109   0.019380   0.015563   0.011655   0.007647   0.003529   -0.000712   -0.005085   -0.009604   -0.014279   -0.019111   -0.024063   -0.029035   -0.033863   -0.038364   -0.042448   -0.046109   -0.049349   -0.052165   -0.054543   -0.056455   -0.057934   -0.059089   -0.060010   -0.060766   -0.061624   -0.062664   -0.063767   -0.064953   -0.066356   -0.067918   
0.057859   0.058858   0.059460   0.059655   0.059434   0.058799   0.057756   0.056323   0.054544   0.052473   0.050149   0.047596   0.044830   0.041869   0.038731   0.035432   0.031986   0.028406   0.024704   0.020893   0.016982   0.012972   0.008856   0.004622   0.000260   -0.004241   -0.008894   -0.013712   -0.018702   -0.023847   -0.029071   -0.034226   -0.039110   -0.043577   -0.047594   -0.051162   -0.054271   -0.056912   -0.059066   -0.060741   -0.062055   -0.063077   -0.063893   -0.064774   -0.065802   -0.066940   -0.068205   -0.069654   -0.071302   -0.073050   
0.058924   0.059728   0.060139   0.060136   0.059718   0.058882   0.057636   0.056015   0.054072   0.051849   0.049375   0.046672   0.043756   0.040643   0.037349   0.033891   0.030282   0.026533   0.022659   0.018672   0.014574   0.010362   0.006027   0.001558   -0.003058   -0.007832   -0.012777   -0.017906   -0.023217   -0.028662   -0.034121   -0.039397   -0.044288   -0.048710   -0.052655   -0.056109   -0.059056   -0.061496   -0.063423   -0.064943   -0.066096   -0.067025   -0.067938   -0.068918   -0.070081   -0.071416   -0.072895   -0.074595   -0.076459   -0.078417   
0.059520   0.060195   0.060465   0.060316   0.059741   0.058740   0.057335   0.055572   0.053496   0.051145   0.048543   0.045708   0.042653   0.039397   0.035956   0.032343   0.028573   0.024658   0.020613   0.016444   0.012152   0.007730   0.003167   -0.001548   -0.006428   -0.011486   -0.016736   -0.022187   -0.027815   -0.033540   -0.039187   -0.044528   -0.049404   -0.053776   -0.057628   -0.060933   -0.063701   -0.065934   -0.067713   -0.069049   -0.070138   -0.071109   -0.072052   -0.073196   -0.074569   -0.076088   -0.077803   -0.079763   -0.081854   -0.084060   
0.059705   0.060312   0.060495   0.060241   0.059546   0.058422   0.056900   0.055027   0.052846   0.050389   0.047675   0.044717   0.041534   0.038143   0.034557   0.030792   0.026863   0.022784   0.018563   0.014207   0.009713   0.005073   0.000273   -0.004698   -0.009853   -0.015207   -0.020773   -0.026549   -0.032488   -0.038462   -0.044247   -0.049616   -0.054466   -0.058770   -0.062493   -0.065636   -0.068222   -0.070318   -0.071900   -0.073195   -0.074266   -0.075219   -0.076315   -0.077668   -0.079225   -0.080948   -0.082954   -0.085165   -0.087523   -0.089956   
0.059529   0.060125   0.060267   0.059950   0.059178   0.057969   0.056364   0.054410   0.052147   0.049599   0.046781   0.043712   0.040408   0.036883   0.033157   0.029243   0.025156   0.020908   0.016508   0.011960   0.007257   0.002389   -0.002656   -0.007893   -0.013334   -0.018995   -0.024886   -0.030989   -0.037224   -0.043410   -0.049288   -0.054664   -0.059472   -0.063674   -0.067251   -0.070236   -0.072700   -0.074602   -0.076154   -0.077383   -0.078406   -0.079471   -0.080746   -0.082295   -0.084050   -0.086045   -0.088343   -0.090835   -0.093433   -0.096083   
0.059026   0.059668   0.059819   0.059483   0.058670   0.057410   0.055754   0.053744   0.051414   0.048785   0.045875   0.042700   0.039277   0.035625   0.031760   0.027696   0.023449   0.019030   0.014448   0.009701   0.004782   -0.000322   -0.005622   -0.011134   -0.016872   -0.022851   -0.029074   -0.035501   -0.042011   -0.048369   -0.054305   -0.059670   -0.064407   -0.068486   -0.071920   -0.074802   -0.077089   -0.078962   -0.080418   -0.081583   -0.082668   -0.083853   -0.085320   -0.087091   -0.089073   -0.091390   -0.093990   -0.096737   -0.099561   -0.102463   
0.058220   0.058975   0.059185   0.058868   0.058049   0.056773   0.055090   0.053040   0.050656   0.047957   0.044961   0.041685   0.038148   0.034370   0.030366   0.026151   0.021743   0.017151   0.012381   0.007429   0.002285   -0.003062   -0.008628   -0.014425   -0.020470   -0.026777   -0.033336   -0.040080   -0.046836   -0.053327   -0.059293   -0.064619   -0.069264   -0.073216   -0.076566   -0.079293   -0.081557   -0.083318   -0.084699   -0.085882   -0.087022   -0.088360   -0.090068   -0.092058   -0.094336   -0.096989   -0.099859   -0.102852   -0.105929   -0.109108   
0.057142   0.058070   0.058387   0.058128   0.057340   0.056075   0.054384   0.052310   0.049882   0.047120   0.044042   0.040670   0.037023   0.033119   0.028975   0.024610   0.020039   0.015270   0.010306   0.005141   -0.000234   -0.005835   -0.011673   -0.017766   -0.024129   -0.030772   -0.037667   -0.044716   -0.051689   -0.058274   -0.064240   -0.069506   -0.074046   -0.077932   -0.081148   -0.083864   -0.086014   -0.087693   -0.089060   -0.090240   -0.091476   -0.093034   -0.094975   -0.097236   -0.099851   -0.102803   -0.105939   -0.109202   -0.112537   -0.116018   
0.055854   0.056969   0.057443   0.057284   0.056557   0.055325   0.053645   0.051560   0.049097   0.046277   0.043124   0.039659   0.035902   0.031872   0.027590   0.023074   0.018336   0.013385   0.008221   0.002837   -0.002779   -0.008640   -0.014761   -0.021159   -0.027850   -0.034835   -0.042067   -0.049402   -0.056556   -0.063196   -0.069136   -0.074323   -0.078824   -0.082590   -0.085811   -0.088427   -0.090491   -0.092138   -0.093458   -0.094675   -0.096071   -0.097855   -0.100085   -0.102637   -0.105582   -0.108824   -0.112251   -0.115776   -0.119382   -0.123203   
0.054440   0.055691   0.056369   0.056347   0.055709   0.054534   0.052881   0.050794   0.048303   0.045433   0.042208   0.038652   0.034786   0.030632   0.026211   0.021540   0.016633   0.011494   0.006125   0.000514   -0.005349   -0.011480   -0.017893   -0.024606   -0.031634   -0.038966   -0.046530   -0.054128   -0.061420   -0.068078   -0.073967   -0.079148   -0.083547   -0.087329   -0.090473   -0.093010   -0.095033   -0.096605   -0.097915   -0.099221   -0.100792   -0.102874   -0.105394   -0.108246   -0.111520   -0.115072   -0.118780   -0.122568   -0.126473   -0.130671   
0.052953   0.054283   0.055167   0.055324   0.054806   0.053708   0.052095   0.050016   0.047505   0.044589   0.041295   0.037650   0.033677   0.029399   0.024837   0.020010   0.014928   0.009598   0.004015   -0.001829   -0.007948   -0.014356   -0.021071   -0.028108   -0.035481   -0.043164   -0.051050   -0.058879   -0.066261   -0.072903   -0.078811   -0.083922   -0.088346   -0.092077   -0.095157   -0.097654   -0.099592   -0.101117   -0.102457   -0.103863   -0.105694   -0.108087   -0.110879   -0.114065   -0.117679   -0.121532   -0.125519   -0.129585   -0.133822   -0.138421   
0.051394   0.052799   0.053845   0.054222   0.053853   0.052850   0.051290   0.049229   0.046704   0.043746   0.040387   0.036655   0.032575   0.028172   0.023469   0.018482   0.013221   0.007693   0.001892   -0.004193   -0.010576   -0.017271   -0.024295   -0.031667   -0.039393   -0.047425   -0.055617   -0.063633   -0.071062   -0.077732   -0.083618   -0.088769   -0.093164   -0.096851   -0.099901   -0.102317   -0.104186   -0.105699   -0.107063   -0.108654   -0.110783   -0.113471   -0.116552   -0.120105   -0.124044   -0.128195   -0.132467   -0.136834   -0.141429   -0.146455   
0.049733   0.051261   0.052427   0.053043   0.052851   0.051962   0.050470   0.048435   0.045901   0.042907   0.039486   0.035667   0.031481   0.026953   0.022105   0.016954   0.011511   0.005779   -0.000248   -0.006581   -0.013234   -0.020224   -0.027568   -0.035284   -0.043367   -0.051746   -0.060214   -0.068371   -0.075838   -0.082549   -0.088485   -0.093645   -0.098016   -0.101682   -0.104672   -0.107006   -0.108841   -0.110322   -0.111783   -0.113612   -0.116039   -0.119028   -0.122436   -0.126350   -0.130608   -0.135063   -0.139631   -0.144317   -0.149297   -0.154775   
0.047948   0.049656   0.050949   0.051786   0.051802   0.051048   0.049635   0.047634   0.045099   0.042072   0.038591   0.034688   0.030395   0.025739   0.020744   0.015426   0.009795   0.003854   -0.002404   -0.008993   -0.015925   -0.023218   -0.030890   -0.038958   -0.047402   -0.056117   -0.064820   -0.073068   -0.080636   -0.087398   -0.093401   -0.098561   -0.102914   -0.106550   -0.109458   -0.111756   -0.113526   -0.115024   -0.116643   -0.118723   -0.121465   -0.124770   -0.128521   -0.132789   -0.137368   -0.142139   -0.147009   -0.152035   -0.157426   -0.163384   
0.046083   0.047971   0.049427   0.050449   0.050707   0.050107   0.048786   0.046830   0.044299   0.041243   0.037703   0.033716   0.029316   0.024531   0.019386   0.013897   0.008073   0.001918   -0.004580   -0.011430   -0.018649   -0.026254   -0.034264   -0.042691   -0.051493   -0.060520   -0.069409   -0.077799   -0.085426   -0.092322   -0.098364   -0.103510   -0.107865   -0.111428   -0.114310   -0.116535   -0.118257   -0.119836   -0.121633   -0.123994   -0.127072   -0.130689   -0.134800   -0.139417   -0.144331   -0.149420   -0.154603   -0.159991   -0.165823   -0.172283   
0.044204   0.046207   0.047855   0.049047   0.049565   0.049141   0.047926   0.046022   0.043501   0.040419   0.036822   0.032752   0.028243   0.023328   0.018029   0.012365   0.006344   -0.000032   -0.006775   -0.013895   -0.021408   -0.029333   -0.037690   -0.046480   -0.055632   -0.064935   -0.074004   -0.082511   -0.090312   -0.097290   -0.103351   -0.108522   -0.112825   -0.116374   -0.119196   -0.121339   -0.123079   -0.124754   -0.126760   -0.129440   -0.132851   -0.136782   -0.141269   -0.146240   -0.151494   -0.156902   -0.162412   -0.168193   -0.174493   -0.181469   
0.042349   0.044407   0.046228   0.047597   0.048373   0.048150   0.047054   0.045212   0.042706   0.039601   0.035949   0.031795   0.027178   0.022129   0.016674   0.010830   0.004607   -0.001997   -0.008990   -0.016387   -0.024203   -0.032457   -0.041168   -0.050320   -0.059803   -0.069329   -0.078624   -0.087307   -0.095242   -0.102299   -0.108409   -0.113554   -0.117846   -0.121364   -0.124097   -0.126215   -0.127982   -0.129782   -0.132046   -0.135053   -0.138793   -0.143053   -0.147926   -0.153257   -0.158853   -0.164584   -0.170444   -0.176643   -0.183434   -0.190937   
0.040516   0.042617   0.044559   0.046112   0.047128   0.047132   0.046172   0.044399   0.041914   0.038789   0.035083   0.030845   0.026117   0.020933   0.015318   0.009290   0.002860   -0.003977   -0.011228   -0.018909   -0.027035   -0.035626   -0.044696   -0.054203   -0.063983   -0.073777   -0.083262   -0.092160   -0.100242   -0.107371   -0.113497   -0.118629   -0.122921   -0.126371   -0.129058   -0.131155   -0.132970   -0.134948   -0.137484   -0.140826   -0.144895   -0.149507   -0.154773   -0.160465   -0.166405   -0.172470   -0.178701   -0.185340   -0.192646   -0.200685   
0.038703   0.040855   0.042869   0.044593   0.045826   0.046088   0.045277   0.043584   0.041124   0.037982   0.034223   0.029901   0.025062   0.019739   0.013960   0.007745   0.001102   -0.005973   -0.013489   -0.021460   -0.029905   -0.038841   -0.048271   -0.058114   -0.068155   -0.078221   -0.088000   -0.097093   -0.105282   -0.112496   -0.118614   -0.123770   -0.128025   -0.131425   -0.134074   -0.136156   -0.138073   -0.140246   -0.143074   -0.146756   -0.151155   -0.156147   -0.161804   -0.167860   -0.174152   -0.180562   -0.187185   -0.194288   -0.202128   -0.210709   
0.036912   0.039120   0.041188   0.043050   0.044476   0.045013   0.044371   0.042766   0.040337   0.037181   0.033370   0.028964   0.024011   0.018547   0.012601   0.006194   -0.000668   -0.007987   -0.015774   -0.024044   -0.032814   -0.042100   -0.051884   -0.062025   -0.072385   -0.082756   -0.092793   -0.102065   -0.110400   -0.117645   -0.123796   -0.128951   -0.133160   -0.136535   -0.139136   -0.141252   -0.143289   -0.145679   -0.148814   -0.152840   -0.157580   -0.162968   -0.169015   -0.175443   -0.182094   -0.188862   -0.195898   -0.203485   -0.211877   -0.221009   
0.035143   0.037416   0.039530   0.041496   0.043092   0.043905   0.043452   0.041945   0.039553   0.036384   0.032522   0.028032   0.022963   0.017355   0.011239   0.004635   -0.002450   -0.010019   -0.018084   -0.026660   -0.035763   -0.045401   -0.055522   -0.065941   -0.076610   -0.087360   -0.097669   -0.107115   -0.115550   -0.122847   -0.129030   -0.134155   -0.138360   -0.141687   -0.144268   -0.146443   -0.148618   -0.151247   -0.154701   -0.159079   -0.164169   -0.169968   -0.176406   -0.183216   -0.190230   -0.197371   -0.204842   -0.212934   -0.221891   -0.231584   
0.033391   0.035736   0.037907   0.039950   0.041691   0.042758   0.042517   0.041121   0.038770   0.035593   0.031681   0.027104   0.021918   0.016163   0.009873   0.003068   -0.004246   -0.012071   -0.020420   -0.029309   -0.038750   -0.048737   -0.059153   -0.069900   -0.080961   -0.092058   -0.102589   -0.112224   -0.120749   -0.128111   -0.134295   -0.139421   -0.143606   -0.146886   -0.149484   -0.151733   -0.154063   -0.156947   -0.160736   -0.165475   -0.170923   -0.177143   -0.183980   -0.191177   -0.198560   -0.206091   -0.214016   -0.222633   -0.232171   -0.242433   
0.031656   0.034079   0.036314   0.038420   0.040284   0.041575   0.041565   0.040291   0.037989   0.034805   0.030844   0.026181   0.020875   0.014970   0.008502   0.001491   -0.006056   -0.014144   -0.022784   -0.031991   -0.041773   -0.052096   -0.062788   -0.073870   -0.085366   -0.096815   -0.107596   -0.117372   -0.126008   -0.133420   -0.139600   -0.144744   -0.148888   -0.152158   -0.154784   -0.157123   -0.159625   -0.162782   -0.166922   -0.172022   -0.177844   -0.184495   -0.191736   -0.199325   -0.207084   -0.215023   -0.223420   -0.232583   -0.242714   -0.253556   
0.029946   0.032450   0.034750   0.036913   0.038880   0.040361   0.040594   0.039457   0.037209   0.034022   0.030012   0.025261   0.019833   0.013776   0.007127   -0.000095   -0.007881   -0.016237   -0.025175   -0.034707   -0.044829   -0.055452   -0.066454   -0.077965   -0.089891   -0.101642   -0.112647   -0.122578   -0.131324   -0.138753   -0.144975   -0.150105   -0.154232   -0.157500   -0.160171   -0.162613   -0.165304   -0.168757   -0.173256   -0.178720   -0.184936   -0.192022   -0.199673   -0.207659   -0.215804   -0.224168   -0.233054   -0.242784   -0.253520   -0.264953   
0.028259   0.030852   0.033221   0.035433   0.037488   0.039127   0.039598   0.038615   0.036429   0.033242   0.029183   0.024343   0.018792   0.012580   0.005745   -0.001691   -0.009722   -0.018353   -0.027594   -0.037455   -0.047908   -0.058788   -0.070128   -0.082114   -0.094462   -0.106548   -0.117757   -0.127850   -0.136679   -0.144150   -0.150398   -0.155517   -0.159639   -0.162919   -0.165648   -0.168202   -0.171104   -0.174873   -0.179734   -0.185567   -0.192199   -0.199721   -0.207789   -0.216180   -0.224721   -0.233526   -0.242916   -0.253237   -0.264590   -0.276621   
0.026598   0.029284   0.031728   0.033993   0.036116   0.037883   0.038579   0.037766   0.035649   0.032464   0.028357   0.023428   0.017751   0.011380   0.004356   -0.003299   -0.011580   -0.020491   -0.030042   -0.040231   -0.050993   -0.062165   -0.073922   -0.086388   -0.099124   -0.111494   -0.122922   -0.133177   -0.142069   -0.149608   -0.155861   -0.160990   -0.165109   -0.168420   -0.171213   -0.173895   -0.177031   -0.181126   -0.186355   -0.192566   -0.199631   -0.207593   -0.216084   -0.224886   -0.233835   -0.243098   -0.253010   -0.263941   -0.275922   -0.288559   
0.024957   0.027745   0.030270   0.032591   0.034773   0.036641   0.037538   0.036906   0.034867   0.031688   0.027534   0.022514   0.016709   0.010177   0.002960   -0.004920   -0.013456   -0.022653   -0.032517   -0.043032   -0.054031   -0.065515   -0.077764   -0.090705   -0.103859   -0.116513   -0.128155   -0.138539   -0.147531   -0.155109   -0.161388   -0.166519   -0.170649   -0.174003   -0.176868   -0.179695   -0.183084   -0.187515   -0.193122   -0.199717   -0.207231   -0.215636   -0.224559   -0.233778   -0.243146   -0.252882   -0.263335   -0.274896   -0.287515   -0.300767   
0.023332   0.026229   0.028841   0.031227   0.033461   0.035412   0.036485   0.036034   0.034084   0.030914   0.026713   0.021602   0.015666   0.008970   0.001556   -0.006553   -0.015350   -0.024839   -0.035019   -0.045845   -0.057124   -0.068992   -0.081733   -0.095122   -0.108645   -0.121584   -0.133442   -0.143953   -0.153048   -0.160663   -0.166971   -0.172108   -0.176265   -0.179668   -0.182616   -0.185606   -0.189261   -0.194041   -0.200033   -0.207022   -0.214996   -0.223850   -0.233213   -0.242855   -0.252655   -0.262878   -0.273894   -0.286102   -0.299369   -0.313242   
0.021721   0.024732   0.027438   0.029895   0.032180   0.034205   0.035426   0.035148   0.033297   0.030141   0.025894   0.020690   0.014622   0.007758   0.000143   -0.008199   -0.017262   -0.027048   -0.037543   -0.048622   -0.060156   -0.072495   -0.085742   -0.099609   -0.113507   -0.126724   -0.138762   -0.149439   -0.158606   -0.166280   -0.172608   -0.177763   -0.181959   -0.185416   -0.188460   -0.191626   -0.195563   -0.200704   -0.207088   -0.214481   -0.222927   -0.232236   -0.242046   -0.252117   -0.262360   -0.273088   -0.284689   -0.297559   -0.311481   -0.325984   
0.020122   0.023251   0.026057   0.028590   0.030928   0.033023   0.034368   0.034243   0.032506   0.029368   0.025075   0.019777   0.013576   0.006541   -0.001279   -0.009860   -0.019195   -0.029279   -0.040085   -0.051412   -0.063296   -0.076131   -0.089850   -0.104153   -0.118421   -0.131917   -0.144147   -0.154978   -0.164229   -0.171953   -0.178302   -0.183488   -0.187731   -0.191251   -0.194401   -0.197756   -0.201993   -0.207504   -0.214284   -0.222095   -0.231023   -0.240793   -0.251057   -0.261564   -0.272263   -0.283511   -0.295720   -0.309266   -0.323852   -0.338990   
0.018531   0.021785   0.024695   0.027310   0.029704   0.031865   0.033317   0.033323   0.031710   0.028594   0.024257   0.018865   0.012526   0.005318   -0.002712   -0.011536   -0.021146   -0.031532   -0.042633   -0.054178   -0.066454   -0.079804   -0.094029   -0.108777   -0.123407   -0.137144   -0.149603   -0.160563   -0.169912   -0.177681   -0.184058   -0.189285   -0.193582   -0.197175   -0.200438   -0.203998   -0.208551   -0.214439   -0.221623   -0.229867   -0.239283   -0.249521   -0.260246   -0.271195   -0.282364   -0.294149   -0.306988   -0.321221   -0.336479   -0.352259   

